997.12   5.85  279.24   3.91  87.30   9.26   8.08   1.18   5.06   8.11  1241.17   3.33   6.13  258.50 
997.45   6.05  279.41   3.94  86.30   9.39   8.10   1.29   5.07   8.12  1240.67   3.05   6.29  266.00 
998.57   5.38  278.66   3.93  90.30   8.97   8.10   0.87   5.06   8.11  1245.04   2.38   5.81  265.50 
999.37   4.54  277.75   2.40  85.90   8.45   7.26   1.19   4.53   7.27  1250.21   1.91   3.76  278.40 
1000.05   4.43  277.59   1.57  81.60   8.39   6.84   1.54   4.27   6.84  1251.76   1.85   3.68  282.80 
1000.50   3.63  276.75   0.24  78.40   7.93   6.22   1.71   3.87   6.21  1256.23   2.47   5.67  272.90 
1001.26   3.19  276.25  -0.26  78.00   7.68   5.99   1.69   3.73   5.99  1259.30   2.56   4.57  257.00 
1001.93   2.67  275.68  -0.22  81.20   7.40   6.01   1.39   3.74   6.00  1262.53   2.43   3.82  252.20 
1002.95   2.85  275.77  -0.13  80.70   7.50   6.05   1.45   3.76   6.03  1262.98   3.76   6.37  259.20 
1003.85   3.81  276.67   0.20  77.20   8.03   6.20   1.83   3.85   6.18  1259.64   2.90   4.81  257.30 
1003.89   4.73  277.58   0.47  73.80   8.56   6.32   2.24   3.92   6.30  1255.49   2.49   5.05  259.50 
1003.96   5.27  278.12   0.30  70.20   8.90   6.24   2.65   3.88   6.22  1253.17   2.32   4.87  259.40 
1003.89   5.98  278.83   0.52  67.90   9.34   6.34   3.00   3.94   6.32  1249.84   3.01   6.41  274.90 
1004.19   5.98  278.81   0.62  68.40   9.34   6.39   2.95   3.97   6.37  1250.20   1.67   3.24  266.20 
1004.47   5.24  278.05   0.68  72.30   8.88   6.42   2.46   3.98   6.39  1253.84   1.68   2.80  235.70 
1004.35   5.45  278.26   1.11  73.50   9.00   6.62   2.39   4.11   6.59  1252.67   1.01   2.68  217.20 
1005.06   5.24  277.99   1.20  75.10   8.87   6.66   2.21   4.13   6.63  1254.50   0.89   1.80  255.30 
1005.33   5.04  277.77   1.17  76.00   8.75   6.65   2.10   4.13   6.62  1255.73   0.62   1.04  199.00 
1005.50   4.57  277.29   0.99  77.50   8.47   6.56   1.91   4.07   6.53  1258.11   1.66   2.14  229.80 
1005.45   4.46  277.19   0.90  77.60   8.40   6.52   1.88   4.04   6.49  1258.57   1.05   1.44  220.60 
1005.58   4.30  277.02   0.84  78.10   8.31   6.49   1.82   4.02   6.46  1259.45   0.86   1.38  211.30 
1005.42   4.17  276.90   0.86  79.00   8.23   6.50   1.73   4.03   6.47  1259.87   0.44   1.16  154.70 
1005.31   3.55  276.29   0.68  81.40   7.88   6.42   1.47   3.98   6.38  1262.58   1.43   2.12  237.10 
1009.08  -7.56  264.91  -10.23  81.00   3.45   2.80   0.66   1.73   2.77  1322.12   4.84   6.73  47.37 
1009.46  -7.98  264.47  -10.91  79.30   3.34   2.65   0.69   1.64   2.63  1324.79   4.71   6.13  37.62 
1010.14  -9.00  263.40  -12.49  75.60   3.09   2.33   0.75   1.44   2.31  1330.96   3.86   6.89  78.40 
1010.25  -9.61  262.78  -13.78  71.40   2.94   2.10   0.84   1.29   2.08  1334.30   2.31   4.41  58.12 
1010.41  -9.67  262.71  -13.24  75.00   2.93   2.19   0.73   1.35   2.17  1334.77   2.81   5.25  38.27 
1010.58  -10.03  262.34  -12.74  80.40   2.84   2.29   0.56   1.41   2.26  1336.77   2.91   4.85  59.48 
1010.89  -10.58  261.77  -13.09  81.60   2.72   2.22   0.50   1.37   2.20  1340.02   1.91   3.41  58.53 
1011.23  -11.15  261.17  -13.31  83.90   2.60   2.18   0.42   1.34   2.16  1343.41   3.40   4.57  41.73 
1011.64  -12.80  259.50  -14.40  87.70   2.27   2.00   0.28   1.23   1.97  1352.56   2.46   3.04  33.73 
1012.09  -13.48  258.79  -15.00  88.20   2.15   1.90   0.25   1.17   1.88  1356.76   2.74   3.28  39.41 
1012.46  -12.75  259.49  -15.03  82.90   2.28   1.89   0.39   1.16   1.87  1353.45   2.36   3.12  25.49 
1012.61  -12.34  259.89  -15.13  79.50   2.36   1.88   0.48   1.15   1.85  1351.53   3.31   4.69  41.18 
1012.74  -11.60  260.61  -14.88  76.40   2.51   1.92   0.59   1.18   1.89  1347.86   1.90   3.08  22.32 
1012.45  -11.03  261.20  -14.73  73.90   2.63   1.94   0.69   1.19   1.92  1344.53   3.48   5.17  38.82 
1011.98  -10.60  261.67  -14.56  72.40   2.72   1.97   0.75   1.21   1.94  1341.69   4.03   5.57  36.64 
1011.59  -10.30  262.00  -14.58  70.60   2.78   1.97   0.82   1.21   1.94  1339.65   3.52   4.97  26.88 
1011.32  -10.76  261.56  -14.80  71.90   2.68   1.93   0.75   1.19   1.91  1341.66   3.73   4.83  28.98 
1011.09  -11.66  260.68  -14.94  76.40   2.50   1.91   0.59   1.17   1.89  1345.98   3.84   5.13  37.60 
1011.02  -12.26  260.08  -15.16  78.80   2.38   1.87   0.50   1.15   1.85  1349.00   1.91   2.80  359.20 
1011.15  -12.77  259.57  -15.37  80.70   2.28   1.84   0.44   1.13   1.82  1351.83   1.19   1.60   2.15 
1010.99  -13.60  258.75  -15.77  83.50   2.13   1.78   0.35   1.10   1.76  1355.97   0.41   0.80  115.40 
1010.76  -14.95  257.42  -16.90  84.90   1.91   1.62   0.29   1.00   1.60  1362.83   0.54   1.00  204.20 
1010.71  -16.02  256.36  -17.87  85.50   1.74   1.49   0.25   0.92   1.47  1368.50   0.50   1.12  59.91 
1010.62  -15.99  256.39  -17.89  85.10   1.75   1.49   0.26   0.92   1.47  1368.22   0.43   0.78  179.60 
1008.26   2.69  275.20  -1.17  75.60   7.42   5.61   1.81   3.47   5.56  1270.62   1.58   2.10  206.60 
1007.99   2.38  274.91  -1.23  77.00   7.25   5.58   1.67   3.45   5.54  1271.74   1.65   2.72  212.70 
1007.66   2.28  274.84  -1.21  77.60   7.20   5.59   1.61   3.46   5.55  1271.74   1.83   2.60  200.30 
1007.24   2.45  275.05  -1.01  77.80   7.29   5.67   1.62   3.51   5.63  1270.39   1.98   3.96  169.70 
1006.71   3.35  275.98  -0.99  73.10   7.77   5.68   2.09   3.52   5.64  1265.58   1.67   3.52  157.30 
1006.68   5.64  278.27  -1.32  60.72   9.13   5.54   3.59   3.43   5.51  1255.23   4.63   6.33  214.70 
1006.54   5.02  277.66  -0.83  65.73   8.74   5.75   3.00   3.56   5.71  1257.75   0.68   1.44  211.10 
1006.30   6.17  278.83  -0.51  62.15   9.47   5.88   3.58   3.64   5.85  1252.23   1.78   2.52  225.60 
1006.42   6.30  278.95   0.04  64.12   9.55   6.13   3.43   3.80   6.09  1251.67   1.28   2.40  146.30 
1006.06   7.32  280.00   0.78  63.06  10.25   6.46   3.79   4.01   6.42  1246.51   3.44   5.11  194.80 
1006.02   8.68  281.36   2.00  62.74  11.25   7.06   4.19   4.37   7.01  1240.17   2.64   5.09  230.50 
1005.94   9.91  282.59   2.83  61.29  12.22   7.49   4.73   4.64   7.45  1234.48   2.44   4.70  231.80 
1005.47  10.24  282.96   3.19  61.50  12.49   7.68   4.81   4.77   7.64  1232.37   1.78   4.00  241.20 
1004.96  10.13  282.89   3.59  63.72  12.40   7.90   4.50   4.91   7.86  1232.12   1.68   4.94  242.80 
1004.85   8.47  281.24   5.39  80.90  11.09   8.97   2.12   5.57   8.93  1238.75   1.39   1.80  302.50 
1004.23   8.75  281.57   6.15  83.70  11.30   9.46   1.84   5.88   9.42  1236.52   1.15   2.10  116.40 
1003.83   9.69  282.54   4.76  71.30  12.04   8.58   3.46   5.34   8.55  1232.33   1.45   2.92  224.40 
1004.05   9.73  282.56   4.90  71.80  12.07   8.67   3.40   5.39   8.63  1232.39   1.66   3.96  257.70 
1003.78   9.39  282.25   5.35  75.80  11.80   8.94   2.86   5.56   8.91  1233.41   0.97   2.28  207.40 
1003.30   8.99  281.88   5.13  76.70  11.49   8.81   2.68   5.48   8.78  1234.63   2.12   3.92  234.30 
1003.20   8.76  281.66   4.98  77.10  11.31   8.72   2.59   5.42   8.69  1235.55   0.73   1.60  217.70 
1003.19   8.72  281.62   5.07  77.80  11.28   8.77   2.50   5.46   8.75  1235.69   2.59   4.76  235.40 
1003.34   8.75  281.64   5.38  79.30  11.30   8.96   2.34   5.57   8.93  1235.66   0.93   1.76  243.70 
1003.18   8.89  281.79   5.69  80.30  11.41   9.16   2.25   5.70   9.13  1234.76   1.23   2.80  235.50 
975.95   7.46  282.58   4.60  82.00  10.35   8.49   1.86   5.43   8.70  1207.56   3.76   6.03  180.30 
975.58   7.82  282.97   4.76  80.90  10.61   8.58   2.03   5.49   8.80  1205.51   4.81   5.97  196.60 
975.16   8.02  283.21   4.74  79.70  10.75   8.57   2.18   5.48   8.79  1204.14   4.72   6.65  183.10 
974.93   7.99  283.20   4.85  80.50  10.73   8.64   2.09   5.53   8.86  1203.95   4.65   6.69  182.90 
974.72   7.93  283.16   4.95  81.40  10.69   8.70   1.99   5.57   8.92  1203.91   3.39   5.29  186.60 
974.23   7.93  283.20   5.00  81.70  10.69   8.73   1.96   5.59   8.96  1203.29   3.25   4.99  184.20 
974.02   7.91  283.19   5.33  83.70  10.67   8.93   1.74   5.72   9.17  1203.02   2.97   4.24  189.90 
973.86   8.38  283.68   5.32  81.00  11.02   8.93   2.09   5.72   9.17  1200.82   3.14   4.73  174.90 
973.40   8.87  284.21   5.42  78.90  11.39   8.99   2.40   5.76   9.23  1198.14   3.16   4.71  160.80 
972.79  11.16  286.57   5.65  68.74  13.28   9.13   4.15   5.86   9.39  1187.67   4.87   7.73  177.90 
972.76  12.79  288.22   5.21  59.87  14.79   8.86   5.94   5.68   9.10  1180.99   5.36   8.69  183.60 
972.55  13.71  289.16   5.21  56.37  15.71   8.86   6.85   5.68   9.11  1176.95   7.84  10.85  209.80 
972.25  14.04  289.52   5.80  57.49  16.05   9.23   6.82   5.92   9.49  1175.06   5.66   8.45  188.90 
971.06  16.29  291.89   5.57  48.95  18.55   9.08   9.47   5.84   9.35  1164.56   5.16   8.17  179.20 
970.37  17.72  293.39   5.47  44.42  20.31   9.02  11.29   5.80   9.30  1158.04   5.79   9.93  202.20 
969.85  18.52  294.25   5.44  42.14  21.36   9.00  12.36   5.79   9.28  1154.25   6.47   8.85  208.30 
969.81  18.42  294.15   5.26  41.87  21.22   8.89  12.34   5.72   9.16  1154.65   5.08   8.17  210.80 
970.08  17.71  293.41   5.15  43.45  20.30   8.82  11.48   5.67   9.09  1157.82   3.41   5.64  193.70 
970.25  16.95  292.63   5.02  45.18  19.35   8.74  10.61   5.62   9.01  1161.10   1.78   2.28  226.20 
970.55  16.27  291.92   4.82  46.54  18.53   8.62   9.90   5.54   8.88  1164.24   1.48   2.36  238.40 
969.84  14.69  290.38   5.49  53.94  16.74   9.03   7.71   5.81   9.31  1169.58   0.61   1.28  139.90 
969.86  13.31  288.99   5.54  59.23  15.31   9.07   6.24   5.83   9.35  1175.23   0.83   1.92  303.40 
970.50  12.68  288.30   5.72  62.49  14.69   9.18   5.51   5.90   9.46  1178.55   1.38   2.28  266.40 
992.44  15.73  289.52  12.61  81.70  17.90  14.62   3.28   9.22  14.73  1190.08   1.52   2.44  222.40 
992.81  15.17  288.93  12.65  84.90  17.27  14.66   2.61   9.24  14.77  1192.82   0.94   2.28  194.80 
993.17  14.36  288.08  12.35  87.70  16.39  14.37   2.02   9.05  14.47  1196.75   1.48   2.32  182.60 
993.42  13.07  286.77  11.98  93.10  15.07  14.03   1.04   8.83  14.12  1202.60   1.59   2.52  191.70 
993.59  12.78  286.47  11.87  94.20  14.78  13.93   0.86   8.76  14.02  1204.08   1.90   2.92  185.40 
993.73  12.07  285.74  11.45  96.00  14.11  13.54   0.56   8.52  13.63  1207.42   1.50   2.36  220.90 
993.93  13.26  286.92  11.89  91.40  15.26  13.94   1.31   8.77  14.03  1202.46   1.26   2.42  190.90 
994.38  15.84  289.47  12.81  82.20  18.02  14.82   3.21   9.32  14.90  1191.87   1.03   2.12  141.80 
994.61  18.48  292.09  14.15  75.90  21.30  16.17   5.13  10.17  16.26  1180.74   2.11   4.28  190.40 
994.27  21.34  294.98  14.27  64.05  25.43  16.29   9.14  10.25  16.38  1168.83   3.72   7.12  184.40 
994.08  22.06  295.72  13.05  56.60  26.58  15.04  11.54   9.47  15.13  1166.30   5.99   9.65  204.30 
993.99  22.95  296.62  12.67  52.31  28.05  14.68  13.38   9.23  14.76  1162.86   4.70   7.04  197.10 
993.81  23.21  296.90  12.06  49.46  28.50  14.10  14.40   8.87  14.18  1161.88   5.94   9.63  212.30 
993.44  24.39  298.11  12.32  46.89  30.59  14.35  16.25   9.03  14.44  1156.74   5.76   9.25  213.30 
993.27  24.72  298.46  13.11  48.43  31.20  15.11  16.09   9.52  15.21  1154.92   6.57   9.01  217.80 
993.00  25.13  298.89  13.44  48.29  31.97  15.44  16.53   9.73  15.55  1152.87   5.60   8.42  213.20 
992.84  25.24  299.01  14.02  49.80  32.18  16.03  16.16  10.10  16.14  1152.00   2.78   4.44  199.20 
992.84  25.30  299.07  13.53  48.08  32.30  15.53  16.77   9.79  15.64  1151.98   4.10   5.72  222.80 
992.89  25.33  299.10  13.57  48.10  32.36  15.56  16.79   9.81  15.67  1151.91   3.23   5.22  208.20 
992.83  24.60  298.37  13.87  51.24  30.98  15.87  15.11  10.01  15.99  1154.53   1.70   2.28  200.40 
992.76  23.70  297.48  13.41  52.49  29.35  15.41  13.95   9.71  15.52  1158.15   3.06   3.82  216.50 
993.35  23.46  297.19  13.44  53.34  28.93  15.43  13.50   9.72  15.54  1159.77   3.13   3.92  225.60 
992.68  22.76  296.54  13.84  57.14  27.73  15.85  11.89   9.99  15.96  1161.54   2.77   3.52  206.10 
992.85  21.96  295.73  13.94  60.37  26.42  15.95  10.47  10.05  16.06  1164.85   2.39   3.00  195.60 
987.20  12.26  286.47   5.72  64.26  14.29   9.18   5.11   5.80   9.30  1200.66   1.43   1.92  218.80 
987.36  11.27  285.47   6.60  72.90  13.38   9.75   3.63   6.17   9.88  1204.77   0.60   1.08  156.90 
987.36  10.84  285.04   6.67  75.40  13.00   9.81   3.20   6.20   9.93  1206.57   0.39   0.88  94.80 
987.32  10.85  285.05   6.51  74.50  13.01   9.69   3.32   6.13   9.82  1206.53   0.50   1.08  149.00 
987.28  10.15  284.35   6.83  79.80  12.42   9.91   2.51   6.27  10.04  1209.36   0.47   0.92  223.10 
987.19  10.68  284.89   6.60  75.80  12.87   9.75   3.11   6.17   9.88  1207.07   0.39   0.72  232.50 
987.27  10.71  284.91   7.12  78.40  12.89  10.11   2.78   6.39  10.24  1206.87   0.67   1.00  195.80 
987.28  12.26  286.47   7.75  73.90  14.29  10.56   3.73   6.68  10.69  1200.12   0.41   0.88  234.10 
986.97  15.15  289.39   8.04  62.45  17.24  10.77   6.48   6.81  10.91  1187.62   0.62   1.32  124.90 
986.67  15.37  289.64   6.56  55.62  17.49   9.73   7.76   6.16   9.86  1186.83   1.39   3.52  302.30 
986.27  16.71  291.02   6.92  52.34  19.05   9.97   9.08   6.31  10.11  1180.75   2.21   4.48  217.30 
985.55  17.29  291.66   7.12  51.14  19.77  10.11   9.66   6.40  10.26  1177.47   2.86   5.24  10.41 
985.03  17.80  292.22   6.55  47.61  20.41   9.72  10.69   6.16   9.87  1174.96   2.44   4.80  354.90 
984.28  18.52  293.00   6.09  44.08  21.36   9.41  11.94   5.97   9.56  1171.30   1.90   3.28  232.60 
983.80  18.75  293.28   5.29  41.12  21.67   8.91  12.76   5.65   9.06  1170.03   1.40   2.50  68.78 
983.21  18.91  293.49   5.81  42.21  21.89   9.24  12.65   5.86   9.40  1168.54   2.54   4.72  17.46 
982.80  19.34  293.96   6.26  42.38  22.48   9.53  12.95   6.05   9.69  1166.20   1.04   3.48  264.60 
982.44  18.55  293.19   5.60  42.54  21.40   9.10  12.30   5.78   9.27  1169.12   2.42   4.28  14.42 
982.00  18.25  292.93   5.46  42.91  21.00   9.01  11.99   5.73   9.18  1169.84   0.73   2.20  331.00 
981.76  17.73  292.43   5.28  43.79  20.32   8.90  11.42   5.66   9.07  1171.70   0.66   1.24  328.80 
981.62  17.41  292.12   5.10  44.14  19.92   8.79  11.13   5.59   8.96  1172.87   1.00   1.36  353.10 
981.70  16.54  291.23   6.36  50.89  18.85   9.59   9.26   6.10   9.77  1176.12   0.62   1.24  61.48 
981.50  15.88  290.59   6.96  55.35  18.07  10.00   8.07   6.36  10.19  1178.38   0.89   1.14  31.90 
981.38  15.04  289.75   7.18  59.29  17.12  10.15   6.97   6.46  10.34  1181.60   0.75   1.68  202.90 
986.97  16.34  290.59  12.56  78.30  18.61  14.57   4.04   9.23  14.76  1181.01   1.09   2.36  206.50 
987.07  16.41  290.65  12.59  78.10  18.69  14.60   4.09   9.25  14.79  1180.83   0.97   2.48  175.30 
987.07  16.12  290.36  12.54  79.30  18.35  14.55   3.80   9.22  14.74  1182.04   0.81   1.96  163.90 
987.00  16.07  290.31  12.64  80.10  18.29  14.65   3.64   9.29  14.84  1182.11   0.88   1.30  194.70 
986.97  15.74  289.99  12.75  82.40  17.91  14.76   3.15   9.35  14.95  1183.38   0.94   2.20  177.40 
987.15  15.45  289.68  12.80  84.20  17.58  14.80   2.78   9.38  14.99  1184.76   1.06   1.58  202.00 
987.26  16.53  290.75  13.24  80.90  18.84  15.24   3.60   9.66  15.44  1180.28   0.44   1.16  131.40 
987.39  17.64  291.86  13.94  78.90  20.21  15.94   4.26  10.11  16.15  1175.61   0.34   0.92  143.80 
987.38  20.04  294.27  13.46  65.81  23.48  15.45   8.03   9.79  15.65  1166.20   1.26   2.32  211.70 
987.44  20.49  294.71  12.97  62.01  24.14  14.97   9.17   9.48  15.16  1164.70   1.61   3.60  287.80 
987.38  22.45  296.69  12.52  53.40  27.22  14.53  12.68   9.21  14.72  1157.10   2.16   5.32  302.50 
987.43  21.21  295.44  12.09  55.99  25.23  14.13  11.11   8.95  14.31  1162.21   1.98   3.16  248.10 
987.20  21.82  296.07  12.00  53.62  26.19  14.04  12.15   8.90  14.23  1159.58   2.74   4.32  207.10 
986.79  22.86  297.15  12.32  51.42  27.90  14.35  13.55   9.09  14.54  1154.89   1.79   3.64  219.80 
986.53  23.50  297.81  12.51  50.07  29.00  14.52  14.48   9.21  14.72  1152.01   1.49   4.08  287.50 
986.27  23.06  297.39  12.84  52.55  28.24  14.84  13.40   9.41  15.05  1153.27   2.86   4.76  160.10 
986.03  23.13  297.48  13.05  53.04  28.36  15.04  13.32   9.54  15.26  1152.63   3.10   4.92  163.00 
985.62  22.13  296.52  14.43  61.66  26.69  16.46  10.23  10.45  16.70  1155.42   1.78   3.28  181.90 
985.90  19.89  294.24  13.92  68.45  23.26  15.92   7.34  10.11  16.15  1164.82   2.24   4.24  266.60 
985.91  19.48  293.83  14.20  71.50  22.68  16.21   6.46  10.29  16.45  1166.34   1.28   1.66  309.10 
985.92  18.72  293.07  13.97  73.90  21.63  15.98   5.64  10.15  16.21  1169.49   0.56   1.28  277.80 
986.09  18.09  292.42  13.86  76.30  20.79  15.86   4.93  10.07  16.09  1172.28   1.73   2.36  228.70 
986.07  16.85  291.18  13.61  81.20  19.22  15.61   3.61   9.91  15.83  1177.38   1.95   2.84  221.10 
985.93  16.00  290.33  13.48  85.00  18.21  15.48   2.73   9.82  15.70  1180.73   0.50   1.56  151.10 
998.09  16.24  289.56  11.36  72.80  18.49  13.46   5.03   8.43  13.49  1195.30   0.47   1.80  137.90 
998.17  16.19  289.50  11.64  74.40  18.43  13.71   4.72   8.59  13.74  1195.49   0.89   1.64  29.75 
998.08  15.95  289.27  11.43  74.50  18.15  13.52   4.63   8.47  13.55  1196.47   1.74   2.80  358.30 
997.94  15.79  289.12  10.99  73.10  17.97  13.13   4.83   8.23  13.16  1197.14   1.05   2.00  344.10 
997.97  15.12  288.45  10.71  74.90  17.21  12.89   4.32   8.07  12.92  1200.06   1.25   2.68  10.69 
998.15  14.44  287.75  10.62  77.80  16.47  12.82   3.66   8.02  12.84  1203.16   2.04   2.68  24.85 
998.64  14.06  287.33  10.46  78.90  16.07  12.68   3.39   7.94  12.70  1205.40   2.39   4.16  18.43 
998.80  14.68  287.94  10.78  77.40  16.73  12.95   3.78   8.10  12.96  1202.88   1.76   3.16  43.22 
998.89  15.35  288.60  10.87  74.60  17.47  13.03   4.44   8.15  13.05  1200.16   3.37   4.48  60.23 
999.07  15.33  288.57  10.85  74.60  17.44  13.01   4.43   8.14  13.03  1200.47   2.09   3.64  37.59 
999.19  15.74  288.97  10.28  69.93  17.91  12.52   5.39   7.83  12.53  1199.13   2.86   4.00  59.76 
998.91  16.94  290.19   9.77  62.62  19.33  12.11   7.23   7.57  12.12  1194.03   3.08   5.32  17.65 
998.47  17.80  291.09   8.91  55.95  20.41  11.42   8.99   7.15  11.44  1190.28   1.65   2.80   3.52 
998.12  17.95  291.27   8.95  55.58  20.61  11.45   9.15   7.17  11.47  1189.23   2.80   5.20  16.81 
998.08  17.78  291.10   9.50  58.29  20.39  11.88   8.50   7.44  11.91  1189.68   2.63   4.04  30.16 
998.18  17.34  290.65   9.43  59.66  19.83  11.83   8.00   7.40  11.85  1191.63   3.26   5.08  33.11 
997.68  17.98  291.33   9.16  56.28  20.65  11.62   9.03   7.28  11.65  1188.51   2.30   4.44  25.51 
997.46  17.84  291.21   8.80  55.41  20.46  11.34   9.13   7.10  11.37  1188.94   2.30   4.48  24.38 
997.46  17.70  291.07   8.13  53.39  20.29  10.83   9.45   6.78  10.86  1189.75   0.94   2.84   0.33 
997.46  17.39  290.76   7.72  52.96  19.89  10.53   9.36   6.60  10.56  1191.15   0.95   3.00  309.60 
997.34  16.25  289.63   8.06  58.29  18.50  10.79   7.72   6.75  10.81  1195.58   1.51   1.84  323.80 
997.52  15.20  288.57   8.10  62.51  17.30  10.81   6.49   6.77  10.84  1200.14   0.42   0.84  175.20 
997.50  14.91  288.28   8.70  66.33  16.98  11.26   5.72   7.05  11.29  1201.12   0.21   0.52  83.50 
997.48  14.86  288.23   8.94  67.63  16.92  11.45   5.48   7.17  11.48  1201.22   1.04   1.48  247.30 
988.45  19.44  293.57  12.52  64.26  22.62  14.54   8.08   9.20  14.71  1170.28   1.12   1.56  197.70 
988.25  17.39  291.53  12.21  71.60  19.89  14.24   5.65   9.01  14.41  1178.43   1.50   2.76  194.90 
988.26  17.53  291.67  11.99  69.92  20.07  14.03   6.04   8.88  14.20  1177.97   1.62   2.52  193.20 
988.43  15.93  290.05  11.75  76.20  18.13  13.81   4.31   8.74  13.98  1184.79   1.67   2.44  187.70 
988.42  16.14  290.27  11.59  74.40  18.37  13.67   4.70   8.65  13.83  1183.98   1.10   2.52  205.20 
988.27  15.41  289.55  11.66  78.30  17.53  13.73   3.81   8.69  13.89  1186.77   2.03   3.00  213.00 
988.71  15.57  289.67  11.74  77.90  17.72  13.80   3.92   8.73  13.96  1186.61   0.59   1.52  110.30 
989.15  16.48  290.55  11.92  74.40  18.78  13.97   4.81   8.83  14.12  1183.33   1.57   2.94  160.10 
989.22  18.35  292.42  12.70  69.58  21.13  14.70   6.43   9.30  14.86  1175.50   0.51   1.08  90.10 
989.49  21.68  295.73  13.79  60.82  25.97  15.79  10.17   9.99  15.96  1162.05   0.89   1.68  141.00 
989.49  24.67  298.73  14.47  53.04  31.11  16.50  14.61  10.44  16.68  1150.07   1.90   2.96  176.20 
988.99  28.28  302.40   9.48  30.86  38.48  11.87  26.60   7.50  12.01  1137.74   5.41   9.65  212.90 
988.73  29.13  303.27   8.78  28.01  40.42  11.32  29.10   7.15  11.45  1134.49   4.83   7.92  208.60 
988.63  29.69  303.84   7.85  25.46  41.74  10.63  31.11   6.71  10.75  1132.57   5.27   9.41  207.30 
988.49  29.75  303.91   8.09  25.79  41.89  10.80  31.08   6.83  10.93  1132.11   4.37   7.24  240.00 
988.24  29.60  303.79   8.54  26.83  41.53  11.14  30.38   7.04  11.27  1132.24   5.68   8.44  211.10 
988.17  29.50  303.69   9.75  29.28  41.29  12.09  29.20   7.64  12.23  1132.12   2.49   4.16  209.70 
988.19  28.84  303.03   9.94  30.80  39.75  12.24  27.50   7.74  12.39  1134.55   3.98   6.90  204.80 
988.09  27.96  302.15  10.24  33.07  37.77  12.49  25.28   7.90  12.64  1137.64   1.74   2.52  225.40 
988.35  25.36  299.52   8.49  34.26  32.41  11.11  21.31   7.02  11.24  1148.46   2.00   2.88  236.60 
988.84  24.03  298.15   8.16  36.25  29.94  10.85  19.09   6.86  10.98  1154.29   2.68   4.02  245.10 
989.10  21.88  295.97   9.89  46.43  26.29  12.21  14.08   7.71  12.34  1162.40   0.30   0.84  144.00 
989.11  20.22  294.30   9.22  49.13  23.74  11.66  12.08   7.37  11.79  1169.24   1.27   1.96  199.30 
989.16  18.95  293.02   9.22  53.16  21.94  11.66  10.28   7.37  11.79  1174.38   1.16   2.16  203.10 
989.05   3.95  277.99   1.36  83.10   8.11   6.74   1.37   4.25   6.81  1240.13   0.67   1.00  145.30 
989.16   3.21  277.23   1.48  88.40   7.69   6.80   0.89   4.29   6.88  1243.59   0.60   1.12  167.20 
989.17   2.57  276.59   1.13  90.20   7.35   6.63   0.72   4.18   6.70  1246.58   0.74   0.96  190.00 
989.11   2.43  276.45   1.34  92.50   7.28   6.73   0.55   4.24   6.81  1247.08   0.46   1.18  279.50 
988.73   1.88  275.94   0.83  92.70   7.00   6.49   0.51   4.09   6.56  1249.19   0.49   0.88  188.10 
988.55   1.36  275.42   0.52  94.10   6.74   6.34   0.40   4.00   6.42  1251.42   0.50   0.92  214.30 
988.27   1.71  275.80   0.92  94.40   6.91   6.53   0.39   4.12   6.61  1249.35   0.56   1.32  254.50 
988.43   1.66  275.73   0.92  94.80   6.89   6.53   0.36   4.12   6.60  1249.82   1.07   1.92  208.60 
988.71   2.72  276.78   1.54  91.90   7.43   6.83   0.60   4.31   6.91  1245.20   0.67   1.44  148.40 
988.85   2.89  276.94   1.44  90.10   7.52   6.78   0.74   4.27   6.85  1244.63   0.88   1.52  187.80 
988.61   5.97  280.05   3.06  81.50   9.34   7.61   1.73   4.80   7.70  1230.22   1.16   2.32  180.60 
988.47   9.59  283.69   3.62  66.22  11.96   7.92   4.04   5.00   8.01  1214.15   1.44   3.12  326.80 
988.37   9.91  284.02   3.65  64.95  12.22   7.94   4.28   5.01   8.03  1212.65   1.51   2.84  285.90 
987.92   9.96  284.11   3.41  63.64  12.26   7.80   4.46   4.93   7.90  1211.94   1.43   3.00  318.90 
987.80  11.01  285.17   3.02  57.71  13.15   7.59   5.56   4.79   7.68  1207.42   1.50   4.44  32.15 
987.99  10.42  284.56   2.56  58.10  12.64   7.35   5.30   4.64   7.44  1210.27   1.04   2.92  259.90 
988.06  10.54  284.68   3.13  60.04  12.75   7.65   5.09   4.83   7.75  1209.71   1.26   3.12  306.40 
988.25   9.97  284.09   3.25  62.88  12.27   7.71   4.55   4.87   7.81  1212.35   1.30   2.64  250.60 
988.50   9.25  283.35   3.55  67.42  11.69   7.88   3.81   4.97   7.97  1215.67   2.17   3.36  254.40 
988.66   8.73  282.81   3.60  70.10  11.28   7.91   3.37   4.99   8.00  1218.09   2.49   3.64  251.10 
988.98   8.52  282.57   3.54  70.80  11.13   7.88   3.25   4.97   7.96  1219.41   2.33   3.42  254.50 
989.00   8.13  282.18   3.34  71.70  10.83   7.77   3.07   4.90   7.85  1221.18   3.58   4.44  257.20 
989.40   7.54  281.56   3.20  73.90  10.41   7.69   2.72   4.85   7.77  1224.28   1.34   2.64  229.70 
989.45   5.53  279.53   3.05  84.00   9.06   7.61   1.45   4.80   7.69  1233.23   0.81   2.00  104.30 
985.93   4.65  278.94   2.06  83.20   8.52   7.09   1.43   4.48   7.19  1232.94   2.49   3.44  195.10 
985.00   4.85  279.21   2.17  82.70   8.64   7.14   1.49   4.52   7.25  1230.88   2.68   4.45  195.30 
984.03   4.50  278.94   1.91  83.20   8.43   7.01   1.42   4.44   7.12  1231.29   2.31   3.40  200.20 
983.62   4.48  278.96   1.77  82.50   8.42   6.95   1.47   4.40   7.06  1230.86   1.52   3.44  204.30 
983.08   4.57  279.09   1.88  82.60   8.47   7.00   1.47   4.44   7.12  1229.77   2.45   3.60  179.30 
982.41   5.70  280.28   1.89  76.40   9.17   7.00   2.16   4.45   7.13  1223.94   2.40   3.64  136.60 
981.92   6.01  280.63   2.02  75.50   9.36   7.07   2.29   4.49   7.20  1221.96   2.73   4.36  197.00 
981.96   6.20  280.82   2.08  74.80   9.49   7.10   2.39   4.51   7.23  1221.15   2.67   4.00  172.80 
981.01   5.89  280.58   2.05  76.30   9.28   7.08   2.20   4.50   7.22  1221.35   3.23   4.16  205.90 
980.98   6.16  280.86   2.28  76.10   9.46   7.20   2.26   4.58   7.34  1220.06   2.68   4.00  188.90 
980.61   7.17  281.90   3.13  75.40  10.15   7.65   2.50   4.87   7.80  1214.99   3.04   5.23  167.30 
980.27   9.07  283.84   4.29  71.90  11.55   8.30   3.24   5.29   8.47  1206.09   2.67   4.65  167.70 
979.38   9.52  284.37   4.78  72.20  11.90   8.59   3.31   5.48   8.78  1202.93   2.29   4.36  183.60 
978.81   9.16  284.05   5.83  79.60  11.62   9.25   2.37   5.90   9.45  1203.46   2.47   3.68  176.90 
979.33   8.17  283.02   6.16  87.10  10.86   9.46   1.40   6.03   9.66  1208.24   2.77   4.85  169.80 
979.01   7.33  282.20   6.29  93.10  10.26   9.55   0.71   6.09   9.75  1211.42   2.39   3.54  179.90 
978.06   7.26  282.20   6.18  92.80  10.21   9.47   0.73   6.05   9.69  1210.58   2.94   4.16  197.70 
977.19   7.57  282.59   6.23  91.20  10.43   9.51   0.92   6.08   9.73  1208.14   2.79   3.88  190.80 
977.20   8.01  283.03   6.13  87.90  10.75   9.45   1.30   6.03   9.67  1206.30   3.36   5.17  210.60 
977.46   8.18  283.18   5.90  85.50  10.87   9.29   1.58   5.94   9.51  1205.96   2.39   3.16  203.90 
977.43   7.34  282.34   5.13  85.80  10.26   8.81   1.46   5.62   9.01  1209.76   3.06   4.04  198.60 
977.57   6.84  281.82   4.37  84.20   9.92   8.35   1.57   5.33   8.54  1212.32   2.17   3.24  175.40 
977.75   6.65  281.62   4.20  84.30   9.79   8.25   1.54   5.27   8.44  1213.40   2.01   2.88  205.70 
978.26   6.89  281.81   4.13  82.50   9.95   8.21   1.74   5.24   8.39  1213.03   2.07   2.78  215.10 
977.59   1.59  276.54  -0.95  83.10   6.85   5.70   1.16   3.63   5.83  1236.77   5.00   6.53  208.80 
976.81   1.60  276.61  -0.75  84.30   6.86   5.78   1.08   3.69   5.92  1235.70   5.14   8.05  205.00 
976.05   1.78  276.85  -0.69  83.60   6.95   5.81   1.14   3.71   5.95  1233.93   3.76   5.47  198.80 
975.47   1.79  276.91  -0.77  83.00   6.95   5.77   1.18   3.69   5.92  1233.15   4.83   6.81  214.10 
974.90   1.83  276.99  -1.38  79.20   6.97   5.52   1.45   3.53   5.66  1232.39   3.67   6.01  220.40 
974.33   1.47  276.68  -0.64  85.80   6.80   5.83   0.96   3.73   5.98  1233.11   4.53   6.65  209.10 
973.96   1.57  276.81  -0.60  85.40   6.84   5.84   1.00   3.74   6.00  1232.19   4.47   6.29  208.80 
973.97   1.67  276.91   0.00  88.60   6.89   6.11   0.79   3.91   6.27  1231.62   4.59   6.61  214.60 
974.34   1.75  276.96   0.25  89.70   6.93   6.22   0.71   3.98   6.38  1231.69   1.37   2.52  238.50 
974.80   2.30  277.48   0.18  85.80   7.21   6.19   1.02   3.96   6.35  1229.80   2.24   4.27  253.80 
975.19   2.07  277.22   0.18  87.20   7.10   6.19   0.91   3.96   6.35  1231.33   2.78   4.93  258.70 
975.97   1.49  276.56   0.31  91.80   6.80   6.25   0.56   3.99   6.40  1234.92   2.43   4.57  259.50 
976.74   1.65  276.66   0.31  90.80   6.88   6.25   0.63   3.99   6.40  1235.18   2.81   4.65  265.80 
977.37   1.20  276.17  -0.02  91.50   6.67   6.10   0.57   3.89   6.24  1238.04   2.57   4.97  266.40 
977.91   0.83  275.74  -0.23  92.60   6.49   6.01   0.48   3.83   6.14  1240.48   2.02   4.45  264.00 
978.57   0.61  275.47  -0.27  93.80   6.38   5.99   0.40   3.81   6.12  1242.32   1.89   3.77  274.10 
979.50   0.36  275.14  -0.30  95.30   6.27   5.97   0.29   3.80   6.10  1244.64   2.07   4.57  279.50 
980.57   0.46  275.16  -0.19  95.40   6.32   6.03   0.29   3.83   6.15  1245.51   2.16   4.55  282.20 
981.49   0.42  275.05  -0.40  94.20   6.30   5.93   0.37   3.77   6.04  1246.91   2.06   4.81  264.00 
982.39   0.14  274.69  -0.71  94.00   6.17   5.80   0.37   3.68   5.90  1249.41   2.02   3.61  257.70 
983.40   0.13  274.60  -0.86  93.00   6.17   5.73   0.43   3.63   5.83  1250.77   1.81   4.87  278.60 
984.28  -0.04  274.36  -1.30  91.20   6.09   5.55   0.54   3.52   5.64  1252.76   2.22   4.03  275.10 
984.92  -0.21  274.14  -1.50  90.90   6.02   5.47   0.55   3.46   5.55  1254.37   1.80   4.21  271.30 
985.62  -0.41  273.88  -1.79  90.30   5.93   5.35   0.58   3.39   5.43  1256.26   2.06   4.53  267.40 
986.63   8.44  282.69   5.36  80.90  11.06   8.95   2.11   5.66   9.07  1216.35   1.08   2.92  229.30 
987.26   7.51  281.70   4.82  83.00  10.38   8.62   1.77   5.45   8.73  1221.32   1.07   2.20  237.80 
987.63   6.85  281.00   4.08  82.50   9.92   8.19   1.74   5.17   8.29  1224.88   4.08   4.81  214.70 
987.64   7.04  281.20   4.38  83.10  10.06   8.36   1.70   5.28   8.46  1223.96   3.92   4.85  217.90 
988.03   6.90  281.03   4.29  83.40   9.96   8.31   1.65   5.25   8.41  1225.07   3.25   3.82  221.20 
988.02   5.98  280.10   4.07  87.50   9.35   8.18   1.17   5.16   8.28  1229.16   1.04   1.52  180.20 
988.19   4.98  279.08   3.68  91.30   8.71   7.96   0.76   5.02   8.05  1233.92   1.02   2.08  231.50 
988.15   5.29  279.40   3.81  90.10   8.91   8.03   0.88   5.07   8.12  1232.44   1.46   2.00  200.40 
988.15   5.85  279.96   4.07  88.30   9.26   8.18   1.08   5.16   8.28  1229.90   1.18   2.78  160.80 
988.13   7.00  281.12   4.74  85.50  10.03   8.57   1.45   5.41   8.68  1224.65   1.21   2.48  182.80 
987.85   9.90  284.05   5.32  73.10  12.21   8.93   3.28   5.64   9.04  1211.59   3.18   4.28  184.50 
987.40  11.61  285.80   5.59  66.46  13.69   9.10   4.59   5.75   9.21  1203.69   3.85   5.73  159.60 
986.82  12.46  286.71   5.21  61.19  14.48   8.86   5.62   5.60   8.98  1199.51   4.87   6.83  211.80 
985.77  13.32  287.66   5.41  58.66  15.32   8.98   6.33   5.69   9.11  1194.57   3.56   4.80  192.20 
985.10  13.99  288.39   3.37  48.65  16.00   7.78   8.22   4.93   7.90  1191.52   3.39   5.40  201.70 
984.60  14.16  288.60   4.15  50.85  16.18   8.23   7.95   5.21   8.35  1190.01   5.67   7.91  170.00 
984.10  13.18  287.66   4.35  54.95  15.18   8.34   6.84   5.29   8.47  1193.42   3.93   6.00  197.10 
983.21  12.47  287.02   4.95  60.06  14.49   8.70   5.79   5.52   8.85  1195.13   2.55   3.48  197.20 
982.98  11.68  286.24   4.80  62.61  13.75   8.61   5.14   5.47   8.76  1198.21   2.62   3.24  201.90 
982.55  10.83  285.42   4.84  66.41  13.00   8.63   4.37   5.48   8.78  1201.26   1.74   2.48  195.80 
981.76   9.42  284.07   5.36  75.70  11.82   8.95   2.87   5.69   9.12  1206.13   1.11   1.88  195.60 
981.25   9.02  283.71   4.97  75.70  11.51   8.71   2.80   5.54   8.88  1207.32   3.17   4.20  186.10 
980.63   8.68  283.42   4.72  76.10  11.25   8.56   2.69   5.45   8.73  1208.08   1.60   2.48  201.20 
980.05   8.56  283.35   4.60  76.10  11.16   8.49   2.67   5.41   8.66  1207.91   2.49   3.64  189.80 
979.16   8.16  283.02   4.51  77.70  10.86   8.44   2.42   5.38   8.61  1208.55   2.69   3.88  194.80 
978.81   8.64  283.53   4.62  75.80  11.22   8.50   2.71   5.42   8.69  1206.03   3.49   4.73  179.10 
978.21   9.27  284.22   4.91  74.10  11.70   8.67   3.03   5.53   8.87  1202.52   1.52   2.72  177.90 
978.39   9.64  284.57   4.85  72.00  12.00   8.64   3.36   5.51   8.83  1201.18   3.74   6.21  202.10 
978.42   9.11  284.04   4.60  73.30  11.58   8.49   3.09   5.41   8.67  1203.55   3.75   7.69  199.60 
978.43   8.79  283.71   3.94  71.50  11.33   8.10   3.23   5.17   8.28  1205.11   2.97   4.89  192.30 
978.48   8.39  283.31   3.71  72.30  11.03   7.97   3.05   5.08   8.15  1206.94   3.56   5.01  202.10 
978.89   8.08  282.96   3.70  73.80  10.80   7.97   2.83   5.08   8.14  1208.78   1.79   3.92  185.70 
978.69   8.11  283.01   3.81  74.20  10.82   8.03   2.79   5.12   8.20  1208.38   2.24   3.44  183.00 
978.65   8.50  283.40   4.34  75.00  11.11   8.33   2.78   5.31   8.51  1206.51   2.71   3.60  187.00 
978.53   9.97  284.89   3.83  65.52  12.27   8.04   4.23   5.13   8.22  1200.24   4.81   7.89  212.00 
978.21  10.39  285.34   3.03  60.20  12.62   7.60   5.02   4.84   7.77  1198.27   7.71  10.49  209.00 
977.80  10.43  285.42   2.90  59.47  12.65   7.52   5.13   4.80   7.70  1197.63   4.37   7.41  214.20 
976.91  11.10  286.17   3.15  57.91  13.23   7.66   5.57   4.89   7.84  1193.65   3.86   5.69  207.80 
976.39  11.09  286.20   3.54  59.56  13.22   7.88   5.35   5.03   8.07  1192.96   5.45   7.21  189.80 
976.30  11.15  286.27   3.88  60.80  13.28   8.07   5.20   5.16   8.27  1192.51   2.93   4.97  174.60 
975.96  10.69  285.83   4.84  67.04  12.87   8.63   4.24   5.52   8.84  1193.76   1.90   2.96  162.10 
975.25   9.65  284.84   5.62  75.90  12.01   9.11   2.89   5.83   9.35  1197.05   0.89   1.34  15.88 
974.57   9.03  284.28   6.13  82.00  11.52   9.44   2.07   6.05   9.69  1198.69   0.92   1.60  28.30 
974.32   8.56  283.82   6.34  85.90  11.16   9.58   1.57   6.14   9.84  1200.32   0.35   0.60  319.60 
973.52   8.48  283.81   6.45  87.00  11.09   9.65   1.44   6.19   9.92  1199.63   1.37   1.96  26.98 
973.33   8.52  283.87   5.89  83.50  11.13   9.29   1.84   5.96   9.54  1199.40   0.40   0.58  223.40 
972.82   8.64  284.03   5.70  81.70  11.22   9.16   2.05   5.88   9.42  1198.32   0.28   0.96  70.50 
972.66   8.60  284.00   5.68  81.80  11.19   9.15   2.04   5.87   9.41  1198.29   0.53   1.00  206.30 
972.88   8.26  283.64   5.84  84.70  10.93   9.26   1.67   5.94   9.52  1199.96   0.78   1.16  174.40 
972.30   7.97  283.40   5.81  86.20  10.72   9.24   1.48   5.93   9.50  1200.49   1.24   2.28  193.60 
971.73   8.58  284.06   6.04  84.00  11.17   9.38   1.79   6.03   9.66  1197.12   2.69   3.80  198.00 
971.57   9.00  284.50   6.29  83.10  11.49   9.55   1.94   6.14   9.83  1195.06   2.02   3.22  189.50 
971.81   8.10  283.57   6.12  87.30  10.81   9.44   1.37   6.06   9.71  1199.24   2.04   3.44  174.20 
971.87   8.54  284.01   6.22  85.30  11.14   9.50   1.64   6.10   9.78  1197.41   1.95   2.60  211.60 
972.00   8.71  284.17   6.23  84.40  11.27   9.51   1.76   6.11   9.79  1196.84   0.89   1.76  212.10 
972.17   8.67  284.11   6.31  85.10  11.24   9.56   1.67   6.14   9.84  1197.20   2.02   3.04  195.10 
973.33  10.43  285.79   6.24  75.20  12.65   9.52   3.14   6.10   9.78  1191.22   2.00   4.93  192.10 
975.06  10.43  285.65   5.21  70.00  12.65   8.86   3.80   5.67   9.08  1193.65   6.63   9.77  212.20 
976.21   9.44  284.55   5.36  75.60  11.84   8.95   2.89   5.72   9.17  1199.20   7.52  10.53  212.40 
977.85   7.44  282.40   5.72  88.80  10.33   9.18   1.16   5.86   9.39  1209.68   3.61   7.69  240.00 
978.75   8.33  283.22   4.66  77.60  10.98   8.52   2.46   5.43   8.71  1207.27   4.29   6.29  210.40 
979.33   9.14  283.99   3.91  69.70  11.60   8.09   3.52   5.15   8.26  1204.73   4.75   8.65  202.50 
980.28   9.33  284.10   3.82  68.35  11.75   8.03   3.72   5.11   8.19  1205.12   4.09   6.13  211.90 
980.98   9.27  283.99   4.00  69.50  11.70   8.13   3.57   5.17   8.29  1206.19   3.74   5.31  210.20 
981.80   9.37  284.02   4.21  70.10  11.78   8.26   3.52   5.25   8.41  1206.71   3.33   6.37  214.70 
982.42   9.05  283.65   4.19  71.50  11.53   8.25   3.29   5.24   8.39  1208.85   3.71   5.49  218.90 
983.14   8.41  282.94   4.17  74.60  11.04   8.24   2.80   5.23   8.38  1212.50   3.78   5.29  214.00 
983.90   8.40  282.87   4.18  74.70  11.03   8.24   2.79   5.23   8.38  1213.48   2.95   3.88  209.30 
984.56   7.06  281.47   3.91  80.30  10.07   8.09   1.98   5.12   8.21  1220.17   1.85   2.80  215.10 
985.24   6.39  280.74   3.62  82.40   9.61   7.92   1.69   5.02   8.04  1224.02   3.12   3.60  223.90 
985.35   5.80  280.14   3.53  85.30   9.23   7.87   1.36   4.99   7.99  1226.76   2.81   3.36  222.60 
985.41   4.51  278.83   3.00  89.90   8.43   7.58   0.85   4.80   7.69  1232.71   1.39   2.36  202.10 
985.44   4.11  278.44   3.01  92.50   8.20   7.59   0.62   4.80   7.70  1234.50   1.30   1.98  163.50 
985.76   4.35  278.65   3.11  91.60   8.34   7.64   0.70   4.84   7.75  1233.79   0.44   1.12  219.00 
985.75   4.05  278.35   2.87  92.00   8.17   7.51   0.65   4.75   7.62  1235.18   1.07   1.60  210.90 
985.79   2.47  276.76   1.71  94.70   7.30   6.91   0.39   4.37   7.01  1242.60   0.76   1.36  169.10 
985.45   3.28  277.60   2.63  95.50   7.73   7.38   0.35   4.67   7.49  1238.33   1.76   2.60  220.00 
985.56   3.13  277.44   2.50  95.60   7.65   7.31   0.34   4.63   7.42  1239.16   1.27   2.00  219.30 
985.62   2.25  276.55   1.72  96.30   7.19   6.92   0.27   4.38   7.02  1243.38   0.98   2.00  214.00 
985.80   1.92  276.20   1.25  95.30   7.02   6.69   0.33   4.23   6.78  1245.24   1.34   1.92  197.60 
985.63   3.55  277.86   2.50  92.80   7.88   7.31   0.57   4.63   7.42  1237.37   0.93   1.52  216.60 
985.46   5.48  279.81   2.82  82.90   9.03   7.48   1.54   4.74   7.59  1228.50   1.74   2.76  135.60 
985.15   8.79  283.16   4.23  73.00  11.33   8.27   3.06   5.24   8.40  1213.33   3.32   5.01  186.30 
984.98  10.53  284.92   3.88  63.35  12.74   8.07   4.67   5.11   8.19  1205.77   5.32   8.05  171.20 
985.06  11.23  285.62   3.55  59.06  13.35   7.88   5.46   4.99   8.00  1202.99   4.77   6.33  204.00 
984.49  12.28  286.72   2.66  51.72  14.31   7.40   6.91   4.69   7.52  1198.09   4.82   8.01  216.50 
983.40  12.55  287.08   3.01  52.09  14.56   7.59   6.98   4.81   7.71  1195.54   4.56   7.17  200.10 
983.39  13.17  287.70   2.96  49.86  15.17   7.56   7.60   4.80   7.69  1192.95   4.99   7.33  209.80 
983.17  12.44  286.99   3.02  52.51  14.46   7.59   6.87   4.82   7.72  1195.72   5.08   8.17  203.50 
983.11  11.51  286.06   3.28  56.87  13.60   7.73   5.86   4.91   7.86  1199.49   3.15   3.80  193.50 
983.43  11.44  285.96   3.35  57.41  13.53   7.77   5.76   4.93   7.90  1200.16   2.46   3.92  183.60 
983.75  10.98  285.47   3.34  59.18  13.13   7.77   5.36   4.93   7.90  1202.49   2.42   3.76  200.60 
984.26  11.35  285.80   3.00  56.34  13.45   7.58   5.87   4.80   7.70  1201.64   1.56   3.12  220.70 
985.01  10.92  285.31   3.81  61.41  13.07   8.03   5.05   5.09   8.15  1204.17   2.81   5.17  211.70 
985.75  10.24  284.57   4.60  67.92  12.49   8.49   4.01   5.37   8.61  1207.76   1.73   3.28  261.50 
986.19   9.49  283.78   4.91  73.00  11.88   8.67   3.21   5.49   8.79  1211.42   1.18   1.98  225.40 
986.86   8.43  282.66   4.79  77.80  11.06   8.60   2.45   5.44   8.72  1216.84   1.12   1.92  256.70 
987.19   7.59  281.79   4.53  80.90  10.44   8.45   1.99   5.34   8.56  1220.96   1.28   2.16  239.10 
987.50   6.62  280.79   4.26  84.80   9.77   8.29   1.49   5.24   8.39  1225.65   1.39   2.24  217.50 
987.83   5.56  279.69   3.31  85.40   9.07   7.75   1.32   4.89   7.85  1231.00   2.05   3.52  204.10 
988.01   4.73  278.85   3.52  91.80   8.57   7.86   0.70   4.97   7.96  1234.82   0.88   1.92  222.80 
988.18   5.01  279.12   3.70  91.20   8.73   7.97   0.77   5.03   8.06  1233.77   0.51   1.20  217.30 
987.99   4.38  278.50   3.31  92.70   8.36   7.75   0.61   4.89   7.84  1236.41   0.62   1.16  183.10 
988.14   4.26  278.37   3.37  93.90   8.29   7.78   0.51   4.91   7.87  1237.14   1.70   2.28  196.40 
987.83   6.27  280.41   4.06  85.70   9.54   8.17   1.36   5.16   8.27  1227.66   1.70   2.36  203.80 
987.84   7.99  282.14   4.80  80.20  10.73   8.61   2.12   5.44   8.71  1219.96   2.89   4.85  160.80 
987.39  10.42  284.61   5.74  72.70  12.64   9.19   3.45   5.81   9.31  1208.68   4.49   6.33  171.70 
987.14  11.83  286.05   6.40  69.28  13.89   9.62   4.27   6.08   9.75  1202.20   3.80   5.29  180.00 
986.58  14.64  288.91   7.48  62.10  16.69  10.36   6.32   6.56  10.50  1189.44   4.46   6.33  172.30 
986.22  16.03  290.34   7.70  57.66  18.25  10.52   7.72   6.66  10.67  1183.22   5.08   8.01  183.70 
986.22  16.17  290.48   7.70  57.16  18.41  10.52   7.89   6.66  10.67  1182.64   4.54   6.97  180.10 
986.26  15.83  290.14   7.31  56.87  18.01  10.24   7.77   6.49  10.39  1184.21   4.38   7.08  181.70 
986.07  15.52  289.84   7.88  60.30  17.66  10.65   7.01   6.74  10.80  1185.07   2.84   4.08  182.10 
985.95  15.03  289.36   8.08  63.11  17.11  10.80   6.31   6.84  10.95  1186.87   2.00   2.84  190.70 
986.12  14.46  288.77   8.11  65.61  16.49  10.82   5.67   6.85  10.97  1189.42   1.21   2.00  208.10 
986.13  14.08  288.39   8.09  67.15  16.09  10.81   5.29   6.84  10.96  1191.01   1.79   3.32  185.80 
986.59  13.38  287.65   7.83  69.03  15.38  10.61   4.76   6.72  10.76  1194.57   1.09   1.72  205.00 
987.24  12.78  286.99   7.56  70.50  14.78  10.42   4.36   6.59  10.56  1197.95   0.43   1.52  204.70 
987.25  11.83  286.04   7.22  73.30  13.89  10.18   3.71   6.44  10.31  1202.07   0.95   1.92  199.10 
986.84  11.13  285.37   6.86  74.90  13.26   9.93   3.33   6.28  10.06  1204.64   2.44   3.92  178.30 
987.09  10.91  285.13   6.63  74.80  13.06   9.77   3.29   6.18   9.90  1205.96   0.65   1.34  350.60 
987.53  10.94  285.12   6.44  73.70  13.09   9.65   3.44   6.10   9.77  1206.43   0.56   0.92  212.30 
987.52  10.46  284.64   6.29  75.30  12.68   9.55   3.13   6.04   9.67  1208.50   1.73   2.64  215.90 
987.40  11.40  285.59   6.28  70.70  13.50   9.54   3.95   6.03   9.66  1204.37   2.44   3.04  196.90 
987.52  11.10  285.28   6.12  71.30  13.23   9.43   3.80   5.96   9.55  1205.84   2.41   3.64  204.60 
987.24  11.05  285.26   6.25  72.20  13.19   9.52   3.67   6.02   9.64  1205.66   2.15   3.28  188.00 
987.42  10.76  284.95   6.35  74.10  12.93   9.58   3.35   6.06   9.71  1207.09   2.13   3.16  177.90 
987.65   9.33  283.50   6.08  80.10  11.75   9.41   2.34   5.95   9.53  1213.56   2.14   3.78  170.80 
988.10  10.06  284.19   6.32  77.50  12.34   9.57   2.78   6.04   9.68  1210.91   1.42   2.52  173.80 
988.14  10.85  284.98   6.78  75.90  13.01   9.88   3.14   6.24  10.00  1207.45   2.98   4.71  166.30 
988.14  12.30  286.44   7.47  72.30  14.32  10.36   3.97   6.55  10.48  1201.10   3.35   4.87  151.50 
988.13  15.19  289.34   7.80  61.25  17.29  10.59   6.70   6.69  10.72  1188.94   4.67   6.49  153.90 
987.53  16.34  290.54   8.26  58.72  18.61  10.93   7.68   6.91  11.07  1183.34   3.10   5.44  169.90 
987.05  17.07  291.31   8.67  57.64  19.49  11.24   8.26   7.11  11.38  1179.65   2.96   4.38  182.00 
986.56  18.20  292.49   9.06  55.14  20.93  11.54   9.39   7.31  11.70  1174.35   2.01   3.80  176.50 
986.82  17.90  292.17   8.91  55.62  20.54  11.43   9.12   7.23  11.58  1175.92   3.06   5.40  159.40 
986.99  17.24  291.49   9.17  59.01  19.70  11.63   8.08   7.36  11.78  1178.71   2.29   4.40  171.90 
987.49  16.11  290.31   9.34  64.14  18.34  11.76   6.58   7.44  11.91  1183.85   3.25   5.20  170.90 
987.88  14.31  288.47   8.81  69.47  16.33  11.35   4.99   7.18  11.49  1191.93   4.00   6.16  178.20 
988.31  13.17  287.29   8.25  72.00  15.17  10.92   4.25   6.90  11.05  1197.40   3.17   5.00  181.20 
988.67  12.74  286.83   8.11  73.40  14.74  10.82   3.92   6.84  10.95  1199.68   3.07   5.13  165.20 
989.29  12.02  286.06   8.05  76.60  14.06  10.77   3.29   6.80  10.89  1203.49   1.82   3.08  193.40 
989.72  11.80  285.80   8.02  77.60  13.86  10.76   3.10   6.79  10.87  1204.95   2.12   3.32  207.40 
989.94  10.78  284.76   7.87  82.20  12.95  10.65   2.31   6.72  10.75  1209.60   2.06   3.44  196.50 
989.89  10.44  284.43   7.81  83.70  12.66  10.60   2.06   6.69  10.71  1211.01   3.04   4.24  193.10 
989.75  10.07  284.07   7.62  84.70  12.35  10.46   1.89   6.60  10.57  1212.48   2.79   4.36  189.80 
989.59  10.89  284.90   7.84  81.40  13.05  10.62   2.43   6.70  10.73  1208.71   2.31   5.07  181.90 
989.43   9.88  283.90   7.52  85.20  12.20  10.39   1.80   6.56  10.50  1212.94   2.54   3.72  193.70 
989.38   9.19  283.21   7.26  87.70  11.64  10.21   1.43   6.44  10.32  1215.93   2.43   3.72  190.60 
989.27   9.92  283.95   7.49  84.80  12.23  10.37   1.86   6.55  10.48  1212.58   3.33   4.36  193.00 
989.09  10.13  284.18   7.38  83.00  12.40  10.29   2.11   6.50  10.41  1211.49   2.70   4.00  187.30 
989.32   8.60  282.63   6.93  89.20  11.19   9.98   1.21   6.30  10.09  1218.51   2.11   3.48  201.90 
989.67  10.37  284.37   7.46  82.10  12.60  10.35   2.26   6.53  10.45  1211.16   2.00   2.76  210.40 
989.98  12.43  286.41   7.92  73.90  14.45  10.68   3.77   6.74  10.78  1202.65   0.65   1.84  153.90 
989.55  14.58  288.61   8.61  67.35  16.62  11.19   5.43   7.07  11.31  1192.90   1.77   3.92  177.00 
989.03  17.28  291.36   9.86  61.67  19.75  12.18   7.57   7.70  12.32  1180.74   1.81   3.76  164.90 
988.52  20.34  294.47  10.14  51.90  23.92  12.41  11.50   7.85  12.56  1167.72   3.12   5.00  138.30 
987.88  22.73  296.92  10.23  45.09  27.68  12.48  15.20   7.90  12.64  1157.51   4.00   5.36  165.10 
987.76  23.63  297.84  10.58  43.73  29.23  12.78  16.45   8.09  12.94  1153.72   2.53   3.86  172.00 
987.52  25.78  300.02  10.56  38.41  33.23  12.76  20.47   8.08  12.93  1145.15   1.56   2.92  174.30 
987.49  23.73  297.96  10.64  43.65  29.41  12.84  16.57   8.12  13.00  1152.99   0.69   1.64  220.60 
987.81  22.53  296.73  10.87  47.65  27.35  13.03  14.32   8.25  13.19  1157.96   1.25   1.92  222.60 
988.45  19.90  294.04  11.16  57.08  23.28  13.29   9.99   8.40  13.44  1169.00   2.25   2.96  217.10 
989.04  17.88  291.96  10.89  63.59  20.52  13.05   7.47   8.25  13.19  1177.93   0.64   1.28  257.10 
989.19  16.41  290.47  10.59  68.41  18.69  12.79   5.91   8.08  12.93  1184.21   0.75   1.48  192.30 
989.33  14.78  288.82  10.24  74.20  16.84  12.49   4.34   7.89  12.63  1191.21   2.16   3.22  203.30 
989.39  13.71  287.75  10.10  78.80  15.71  12.38   3.33   7.82  12.51  1195.78   2.25   3.36  207.20 
989.52  12.86  286.88   9.58  80.40  14.86  11.95   2.91   7.55  12.07  1199.69   1.46   2.32  192.60 
989.66  11.16  285.17   8.98  86.40  13.28  11.48   1.81   7.25  11.60  1207.26   0.72   1.16  205.20 
989.90  11.00  284.99   8.49  84.50  13.14  11.11   2.04   7.01  11.22  1208.40   0.71   1.20  190.40 
989.78   9.65  283.64   8.13  90.20  12.01  10.83   1.18   6.83  10.94  1214.15   0.63   1.12  159.00 
990.28   9.17  283.12   7.02  86.40  11.63  10.04   1.58   6.33  10.14  1217.20   1.28   1.64  168.80 
990.22   7.86  281.81   6.85  93.30  10.64   9.92   0.71   6.26  10.02  1222.86   0.56   1.00  35.60 
990.64   8.65  282.57   6.86  88.50  11.22   9.93   1.29   6.26  10.03  1219.94   0.62   1.56  208.90 
990.82   7.71  281.61   6.54  92.30  10.53   9.72   0.81   6.12   9.81  1224.35   2.14   2.96  146.00 
991.22   7.11  280.98   6.26  94.30  10.10   9.53   0.58   6.00   9.61  1227.56   0.60   1.64  137.10 
991.88   8.54  282.36   6.47  86.80  11.14   9.67   1.47   6.09   9.75  1222.07   1.20   2.48  160.30 
992.54   9.90  283.67   6.91  81.60  12.21   9.96   2.25   6.27  10.04  1216.88   0.80   1.24  204.70 
992.66  13.51  287.27   8.20  70.20  15.51  10.89   4.62   6.85  10.97  1201.28   0.55   1.28  153.00 
992.76  16.52  290.28   9.44  62.88  18.82  11.84   6.99   7.45  11.92  1188.48   0.59   1.16  120.10 
992.34  19.85  293.66  10.72  55.58  23.20  12.90  10.31   8.12  13.00  1174.00   0.86   1.48  141.10 
992.04  22.84  296.68  11.94  50.20  27.87  13.99  13.88   8.82  14.10  1161.30   1.06   2.60  91.50 
992.04  23.52  297.36  11.35  46.32  29.04  13.45  15.59   8.48  13.56  1158.88   2.45   3.80  29.98 
991.81  23.99  297.85  11.50  45.49  29.87  13.59  16.28   8.57  13.70  1156.72   2.35   3.58  24.99 
991.83  22.97  296.83  11.73  49.12  28.09  13.80  14.29   8.70  13.91  1160.63   1.12   2.08   0.51 
991.94  21.79  295.63  11.58  52.23  26.14  13.66  12.49   8.61  13.77  1165.47   1.43   2.00  316.80 
992.21  19.46  293.28  11.63  60.51  22.65  13.70   8.94   8.64  13.81  1175.05   0.80   1.40  52.85 
992.44  17.24  291.03  11.55  69.18  19.70  13.63   6.07   8.59  13.74  1184.34   0.16   0.46  326.00 
992.56  15.57  289.35  11.16  75.00  17.72  13.29   4.43   8.37  13.39  1191.49   0.84   1.40  189.60 
992.57  13.81  287.58  11.00  83.10  15.81  13.14   2.67   8.28  13.24  1198.88   0.43   0.90  133.60 
992.62  12.96  286.73  10.73  86.30  14.96  12.91   2.05   8.13  13.01  1202.61   0.49   1.20  107.20 
992.43  12.16  285.94  10.35  88.70  14.19  12.59   1.60   7.93  12.69  1205.89   0.23   0.48  10.44 
992.32  10.81  284.60   9.65  92.50  12.98  12.00   0.97   7.56  12.10  1211.76   0.45   0.72  151.40 
992.32  10.54  284.33   9.81  95.20  12.75  12.13   0.61   7.64  12.23  1212.86   0.34   0.84  169.30 
992.21   9.97  283.76   9.30  95.60  12.27  11.73   0.54   7.39  11.82  1215.35   0.31   0.60  250.50 
991.91   9.74  283.56   9.26  96.80  12.08  11.69   0.39   7.37  11.79  1215.99   0.33   0.88  214.50 
991.90   8.11  281.93   7.71  97.30  10.82  10.53   0.29   6.63  10.61  1223.57   0.31   0.68  56.11 
991.93   8.04  281.85   7.74  98.00  10.77  10.55   0.22   6.64  10.64  1223.90   0.42   0.70  53.17 
992.01   7.15  280.95   6.92  98.40  10.13   9.97   0.16   6.27  10.05  1228.16   0.33   0.74  182.80 
992.19   6.86  280.65   6.67  98.70   9.93   9.80   0.13   6.17   9.88  1229.73   0.59   1.20  197.80 
992.55   7.04  280.80   6.91  99.10  10.06   9.96   0.09   6.27  10.04  1229.31   0.17   0.40  14.24 
993.04   7.78  281.50   7.62  98.90  10.58  10.46   0.12   6.58  10.54  1226.45   0.52   1.02  151.00 
992.85   8.89  282.63   8.67  98.50  11.41  11.24   0.17   7.07  11.32  1221.02   0.53   1.04  162.60 
992.83  11.40  285.15  10.90  96.70  13.50  13.05   0.45   8.22  13.15  1209.39   1.07   1.80  140.90 
992.23  16.21  290.02  14.19  87.80  18.46  16.20   2.25  10.22  16.33  1187.13   0.46   1.68  96.20 
991.89  18.76  292.60  12.25  65.86  21.68  14.28   7.40   9.00  14.40  1177.22   1.38   2.36  50.48 
991.49  20.09  293.97  12.55  61.82  23.55  14.56   8.99   9.18  14.68  1171.28   2.73   3.76  32.45 
991.38  21.15  295.04  12.85  59.06  25.14  14.85  10.29   9.37  14.98  1166.80   3.41   4.72  20.42 
991.43  20.08  293.96  12.23  60.58  23.54  14.26   9.28   8.99  14.38  1171.39   3.45   4.96  26.03 
991.83  18.59  292.44  11.93  65.18  21.45  13.98   7.47   8.82  14.10  1177.97   2.59   3.64  11.86 
992.18  17.11  290.92  11.49  69.48  19.54  13.58   5.96   8.56  13.69  1184.58   1.34   1.88  22.92 
992.78  14.98  288.74  11.24  78.30  17.06  13.36   3.70   8.41  13.45  1194.16   0.40   0.76  75.40 
993.10  14.84  288.57  11.03  77.90  16.90  13.17   3.74   8.29  13.26  1195.21   0.98   2.46  37.42 
993.82  12.38  286.05  10.59  88.80  14.40  12.79   1.61   8.04  12.87  1206.56   0.41   1.08  189.50 
994.03  11.30  284.95   9.97  91.50  13.41  12.27   1.14   7.71  12.34  1211.64   0.65   1.14  221.90 
994.15  10.17  283.81   9.28  94.20  12.43  11.71   0.72   7.36  11.78  1216.89   0.54   0.84  67.25 
994.26   9.18  282.81   8.52  95.60  11.63  11.12   0.51   6.99  11.19  1221.56   0.60   1.36  283.70 
994.39   7.20  280.81   6.73  96.80  10.17   9.84   0.33   6.18   9.90  1230.95   0.78   1.16  133.80 
994.39   7.17  280.78   6.92  98.30  10.15   9.97   0.17   6.26  10.03  1231.03   0.33   0.56  179.50 
994.51   7.32  280.92   7.11  98.60  10.25  10.11   0.14   6.35  10.16  1230.45   0.42   0.72  229.30 
994.65   7.28  280.87   7.15  99.10  10.22  10.13   0.09   6.36  10.18  1230.78   0.16   0.52  347.10 
994.89   7.41  280.98   7.28  99.10  10.31  10.22   0.09   6.41  10.27  1230.48   0.62   1.16  158.00 
995.42   7.28  280.81   7.18  99.30  10.22  10.15   0.07   6.37  10.20  1231.73   0.61   0.90  222.00 
995.90   7.49  280.98   7.39  99.30  10.37  10.30   0.07   6.46  10.34  1231.35   0.70   1.68  25.20 
996.65   7.26  280.69   7.17  99.40  10.21  10.15   0.06   6.36  10.18  1233.35   2.12   2.96  38.41 
996.89   7.16  280.57   7.09  99.50  10.14  10.09   0.05   6.32  10.12  1234.12   1.32   2.12  17.96 
996.97   7.37  280.77   7.30  99.50  10.29  10.23   0.05   6.41  10.27  1233.22   1.06   1.36  76.00 
997.34   7.80  281.17   7.74  99.60  10.59  10.55   0.04   6.61  10.58  1231.65   0.82   1.92  120.40 
997.01   8.31  281.71   8.22  99.40  10.97  10.90   0.07   6.83  10.93  1228.85   0.44   1.08  101.30 
996.98   9.21  282.61   9.15  99.60  11.66  11.61   0.05   7.28  11.65  1224.56   1.54   2.52  193.40 
997.09  10.20  283.60   9.56  95.80  12.46  11.94   0.52   7.48  11.97  1220.26   1.07   1.58  31.01 
997.15  11.22  284.61   8.80  85.00  13.34  11.34   2.00   7.10  11.37  1216.24   1.05   2.04  71.30 
997.34  10.83  284.21   8.62  86.20  13.00  11.20   1.79   7.02  11.23  1218.21   2.72   3.24  38.53 
997.68   9.95  283.30   8.42  90.20  12.25  11.05   1.20   6.92  11.08  1222.48   3.80   5.69  42.19 
998.23   9.55  282.85   8.62  93.90  11.93  11.20   0.73   7.01  11.22  1224.82   0.75   1.20  41.38 
998.33   9.52  282.82   8.76  95.00  11.90  11.31   0.60   7.08  11.33  1225.02   0.74   0.96  237.90 
998.42  10.07  283.36   9.09  93.60  12.35  11.56   0.79   7.23  11.58  1222.64   0.71   1.20  45.85 
998.67  10.20  283.47   9.15  93.20  12.46  11.61   0.85   7.26  11.63  1222.36   1.70   2.24  29.89 
998.61  10.56  283.83   9.04  90.30  12.76  11.53   1.24   7.21  11.54  1220.77   1.56   2.24  26.69 
998.53  10.57  283.85   9.05  90.30  12.77  11.53   1.24   7.22  11.55  1220.63   1.18   2.04   8.74 
998.70  10.26  283.53   9.28  93.60  12.51  11.71   0.80   7.33  11.72  1222.09   2.17   3.76  23.27 
998.60  10.13  283.40   9.35  94.90  12.40  11.77   0.63   7.36  11.79  1222.50   1.52   2.40  33.33 
998.81  10.11  283.37   9.28  94.60  12.38  11.72   0.67   7.33  11.73  1222.87   2.04   2.80  44.52 
998.46  10.00  283.29   9.21  94.80  12.29  11.65   0.64   7.29  11.67  1222.94   2.19   2.96  45.08 
998.37   9.86  283.15   9.10  95.00  12.18  11.57   0.61   7.24  11.59  1223.47   2.38   3.24  31.80 
998.34   9.69  282.98   9.13  96.30  12.04  11.60   0.45   7.26  11.61  1224.16   1.98   2.68  43.89 
998.21   9.60  282.91   9.27  97.80  11.97  11.70   0.26   7.33  11.73  1224.34   2.68   3.28  23.06 
998.60   9.50  282.77   9.06  97.10  11.89  11.54   0.34   7.22  11.56  1225.34   2.29   3.48  29.16 
999.19   9.60  282.83   8.87  95.20  11.97  11.39   0.57   7.12  11.40  1225.69   1.67   2.56  42.73 
999.63   9.60  282.79   8.82  94.90  11.97  11.36   0.61   7.10  11.36  1226.26   2.70   3.72  33.25 
999.58   9.55  282.74   8.87  95.50  11.93  11.39   0.54   7.12  11.40  1226.40   1.86   2.44  43.93 
999.54  10.10  283.30   8.81  91.70  12.38  11.35   1.03   7.09  11.35  1223.99   1.74   3.08  49.13 
999.53  10.39  283.59   8.12  85.80  12.62  10.83   1.79   6.77  10.83  1222.97   1.78   3.28  63.14 
999.19  10.81  284.04   8.03  82.90  12.98  10.76   2.22   6.72  10.77  1220.77   2.30   3.16  31.85 
998.80  11.31  284.57   7.99  80.00  13.42  10.73   2.68   6.71  10.75  1218.15   2.27   3.52  40.50 
998.63  11.44  284.71   8.16  80.20  13.53  10.85   2.68   6.79  10.87  1217.33   2.00   2.84  45.21 
998.41  11.29  284.58   8.21  81.30  13.40  10.89   2.51   6.81  10.91  1217.68   2.49   3.44  40.76 
998.30  10.97  284.27   8.15  82.70  13.12  10.85   2.27   6.79  10.87  1218.94   1.68   2.70  58.74 
998.59  10.58  283.85   8.39  86.30  12.78  11.03   1.75   6.90  11.05  1220.89   2.72   3.48  41.45 
998.73   9.97  283.23   8.38  89.80  12.27  11.02   1.25   6.89  11.03  1223.70   3.34   4.61  36.20 
998.62   9.24  282.51   8.14  92.80  11.68  10.84   0.84   6.78  10.85  1226.82   2.47   4.16  48.20 
998.35   8.58  281.87   8.01  96.20  11.17  10.75   0.42   6.72  10.76  1229.39   1.32   1.92  79.30 
998.21   8.40  281.70   7.80  96.00  11.03  10.59   0.44   6.63  10.61  1230.08   1.61   2.68  52.10 
997.94   7.93  281.26   7.51  97.20  10.69  10.39   0.30   6.50  10.41  1231.90   2.20   3.12  36.02 
997.29   7.73  281.11   7.39  97.70  10.54  10.30   0.24   6.45  10.33  1232.01   0.95   1.16  24.85 
997.08   7.65  281.04   7.35  98.00  10.48  10.27   0.21   6.43  10.30  1232.12   1.93   2.82  35.11 
996.48   7.59  281.03   7.34  98.30  10.44  10.26   0.18   6.43  10.30  1231.64   0.84   1.28  80.20 
996.28   7.65  281.11   7.43  98.50  10.48  10.33   0.16   6.47  10.37  1231.09   0.70   1.20  204.40 
996.06   7.46  280.94   7.20  98.20  10.35  10.16   0.19   6.37  10.20  1231.74   1.22   1.72   3.34 
995.50   7.34  280.86   7.09  98.30  10.26  10.09   0.17   6.33  10.14  1231.60   1.16   1.56  292.30 
994.95   7.27  280.84   7.01  98.20  10.22  10.03   0.18   6.30  10.08  1231.26   0.86   1.36  245.00 
995.00   7.27  280.83   7.06  98.60  10.22  10.07   0.14   6.32  10.12  1231.30   1.17   2.04  136.60 
995.12   7.44  280.99   7.19  98.30  10.33  10.16   0.18   6.37  10.21  1230.66   0.36   1.00  202.40 
995.36   7.27  280.80   6.86  97.20  10.22   9.93   0.29   6.23   9.98  1231.81   0.62   1.02   6.65 
994.76   7.57  281.15   7.07  96.60  10.43  10.07   0.35   6.32  10.13  1229.68   1.53   1.96  191.10 
994.43   7.84  281.45   6.91  93.80  10.62   9.96   0.66   6.26  10.02  1228.14   0.83   2.04  152.60 
993.92   8.09  281.74   7.17  93.90  10.80  10.15   0.66   6.37  10.21  1226.33   0.61   1.36  151.80 
993.54   8.06  281.74   7.17  94.10  10.78  10.15   0.64   6.38  10.21  1225.99   1.05   1.50  23.52 
993.20   8.32  282.03   7.29  93.20  10.97  10.23   0.75   6.43  10.30  1224.40   1.02   1.60  55.80 
993.06   7.97  281.69   7.02  93.70  10.72  10.04   0.68   6.31  10.11  1225.84   1.96   2.80  26.21 
993.04   7.51  281.23   6.95  96.20  10.38   9.99   0.39   6.28  10.06  1227.85   2.02   2.60  41.49 
992.94   7.78  281.51   7.05  95.10  10.58  10.06   0.52   6.33  10.13  1226.51   0.47   0.76  351.30 
992.83   7.82  281.56   7.06  94.90  10.61  10.07   0.54   6.33  10.14  1226.20   0.50   0.88  218.70 
992.67   7.70  281.45   7.03  95.50  10.52  10.05   0.47   6.32  10.12  1226.53   1.12   1.80  273.70 
992.64   7.70  281.45   6.98  95.20  10.52  10.02   0.50   6.30  10.09  1226.51   1.32   2.16  295.30 
992.44   7.57  281.34   6.99  96.10  10.43  10.02   0.41   6.30  10.10  1226.83   0.46   1.32  235.90 
992.06   7.69  281.49   6.96  95.10  10.51  10.00   0.52   6.29  10.08  1225.84   0.27   0.68  270.20 
991.81   7.72  281.54   6.80  93.90  10.53   9.89   0.64   6.23   9.97  1225.45   0.71   1.04  236.60 
991.31   7.75  281.61   6.91  94.40  10.56   9.97   0.59   6.28  10.05  1224.67   0.35   0.68  307.00 
990.88   7.83  281.73   6.96  94.20  10.61  10.00   0.62   6.30  10.09  1223.77   0.65   1.36  163.40 
990.56   7.84  281.76   6.95  94.10  10.62   9.99   0.63   6.30  10.09  1223.33   0.36   0.56  221.40 
989.97   7.75  281.72   7.12  95.80  10.56  10.11   0.44   6.38  10.22  1222.93   0.79   1.50  168.00 
989.68   7.57  281.56   6.91  95.60  10.43   9.97   0.46   6.29  10.07  1223.43   0.67   0.96  216.00 
988.98   7.68  281.73   7.27  97.20  10.51  10.21   0.29   6.45  10.33  1221.97   0.62   1.08  232.00 
988.88   7.80  281.86   7.29  96.60  10.59  10.23   0.36   6.46  10.35  1221.31   0.63   1.20  232.50 
988.58   7.75  281.83   7.15  96.00  10.56  10.13   0.42   6.40  10.25  1221.20   1.09   2.20  246.90 
988.60   7.91  281.99   7.15  94.90  10.67  10.13   0.54   6.40  10.25  1220.53   1.60   2.48  242.50 
988.38   8.29  282.39   6.75  90.00  10.95   9.86   1.10   6.23   9.97  1218.74   3.09   4.53  244.50 
988.06   8.63  282.76   6.61  87.10  11.21   9.76   1.45   6.17   9.88  1216.92   3.07   5.21  252.10 
987.10   9.48  283.69   6.99  84.40  11.87  10.02   1.85   6.34  10.15  1211.96   3.74   4.81  212.90 
986.30  10.28  284.56   7.21  81.20  12.53  10.17   2.36   6.44  10.31  1207.48   3.78   5.67  214.40 
985.93  10.81  285.12   7.34  79.10  12.98  10.27   2.71   6.50  10.41  1204.73   2.49   3.68  202.50 
985.57  11.19  285.53   7.45  77.70  13.31  10.34   2.97   6.55  10.49  1202.64   1.34   2.80  284.60 
985.33  11.05  285.41   7.65  79.50  13.19  10.48   2.70   6.64  10.64  1202.88   0.98   2.00  273.50 
985.39  10.45  284.81   7.41  81.40  12.67  10.31   2.36   6.54  10.47  1205.57   1.22   2.64  253.30 
985.31  10.12  284.48   7.30  82.60  12.39  10.24   2.16   6.49  10.39  1206.92   1.32   3.00  269.60 
985.30  10.06  284.42   7.26  82.70  12.34  10.21   2.14   6.47  10.36  1207.17   1.16   2.00  239.50 
984.94   9.61  284.00   6.82  82.70  11.98   9.90   2.07   6.28  10.06  1208.79   2.56   3.86  240.60 
985.31   9.73  284.09   6.87  82.30  12.07   9.94   2.14   6.30  10.08  1208.72   1.58   3.60  272.60 
985.49   9.65  283.99   6.03  78.10  12.01   9.38   2.63   5.94   9.52  1209.54   2.25   6.09  302.10 
986.04   8.70  283.00   4.74  76.10  11.26   8.57   2.69   5.42   8.69  1214.68   1.02   1.96  260.60 
986.06   7.86  282.15   2.24  67.50  10.64   7.18   3.46   4.54   7.28  1218.98   1.56   5.05  310.20 
986.20   7.54  281.82   1.98  67.75  10.41   7.05   3.36   4.46   7.15  1220.61   0.94   2.48  282.30 
986.37   7.07  281.33   2.40  72.10  10.08   7.26   2.81   4.59   7.37  1222.77   1.68   2.96  269.40 
986.65   5.82  280.05   2.49  79.10   9.24   7.31   1.93   4.62   7.41  1228.59   2.16   3.08  251.80 
986.77   5.91  280.13   2.59  79.20   9.30   7.36   1.93   4.66   7.46  1228.31   2.37   3.64  255.40 
987.15   3.67  277.86   0.78  81.30   7.95   6.46   1.49   4.08   6.55  1239.14   2.22   4.12  357.10 
987.08   4.24  278.44   1.06  79.70   8.28   6.60   1.68   4.17   6.68  1236.44   1.60   2.76  14.66 
987.07   4.16  278.36   0.63  77.70   8.23   6.39   1.84   4.04   6.48  1236.89   3.54   4.61  19.46 
987.40   3.15  277.32  -1.12  73.40   7.66   5.62   2.04   3.55   5.70  1242.19   4.38   6.25  22.63 
987.44   3.05  277.21  -0.97  74.80   7.61   5.69   1.92   3.59   5.76  1242.68   2.75   4.45  38.32 
987.15   3.70  277.89  -0.28  75.10   7.97   5.98   1.98   3.78   6.06  1239.23   2.58   4.13  47.85 
986.55   4.01  278.24  -0.81  70.70   8.14   5.75   2.38   3.64   5.83  1237.23   3.84   5.21  52.35 
985.51   4.10  278.42  -0.53  71.70   8.19   5.88   2.32   3.72   5.96  1235.45   3.34   5.55  54.61 
984.43   4.39  278.80  -0.60  69.91   8.36   5.85   2.52   3.70   5.94  1232.82   3.27   5.05  58.26 
983.48   4.68  279.16  -0.88  67.12   8.53   5.73   2.81   3.63   5.82  1230.41   3.42   5.17  45.51 
982.48   4.59  279.15  -0.98  67.04   8.48   5.68   2.79   3.61   5.79  1229.58   3.12   4.69  56.16 
981.54   4.43  279.08  -1.03  67.54   8.39   5.67   2.72   3.60   5.77  1229.08   3.49   4.85  59.45 
980.93   4.20  278.89  -1.51  66.25   8.25   5.47   2.79   3.47   5.57  1229.44   2.44   4.21  63.86 
980.56   1.75  276.45  -0.07  87.70   6.93   6.08   0.85   3.86   6.20  1239.65   4.60   6.73  37.26 
979.72   1.66  276.44   0.13  89.50   6.89   6.16   0.72   3.92   6.29  1238.94   3.41   5.65  29.09 
978.82   1.36  276.21  -0.09  90.00   6.74   6.07   0.67   3.86   6.20  1239.19   4.17   5.61  36.16 
977.98   0.78  275.69  -0.30  92.40   6.47   5.97   0.49   3.81   6.11  1240.79   1.82   3.57  20.82 
976.87   0.23  275.23  -0.27  96.40   6.21   5.99   0.22   3.82   6.13  1241.85   2.10   3.24   9.05 
976.08   0.41  275.47   0.07  97.50   6.29   6.14   0.16   3.92   6.29  1239.96   1.92   2.54  14.60 
975.13   0.00  275.14  -0.30  97.80   6.11   5.97   0.13   3.82   6.13  1240.69   2.66   3.49  10.31 
974.57  -0.02  275.16  -0.27  98.20   6.10   5.99   0.11   3.83   6.15  1240.06   2.53   3.61  21.16 
973.70  -0.01  275.24  -0.22  98.50   6.10   6.01   0.09   3.85   6.17  1238.91   3.26   4.81  23.94 
972.80  -0.10  275.23  -0.29  98.60   6.07   5.98   0.08   3.83   6.15  1238.16   5.35   7.93  25.38 
972.46  -0.05  275.30  -0.24  98.60   6.09   6.00   0.09   3.85   6.17  1237.52   4.71   6.19  25.13 
972.40  -0.20  275.15  -0.41  98.50   6.02   5.93   0.09   3.80   6.10  1238.17   5.41   6.99  25.00 
972.01  -0.27  275.12  -0.50  98.30   5.99   5.89   0.10   3.78   6.06  1237.98   5.66   7.61  23.68 
972.17  -0.34  275.04  -0.65  97.70   5.96   5.82   0.14   3.73   5.99  1238.52   7.02   9.45  28.67 
972.81  -0.26  275.06  -0.61  97.50   5.99   5.84   0.15   3.74   6.01  1239.00   6.50   9.41  29.32 
973.24  -0.20  275.09  -0.67  96.60   6.02   5.81   0.20   3.72   5.97  1239.28   6.10   8.49  27.85 
973.65  -0.07  275.19  -0.57  96.40   6.08   5.86   0.22   3.75   6.02  1239.17   7.49  10.36  28.68 
974.39  -0.14  275.05  -0.69  96.10   6.04   5.81   0.24   3.72   5.96  1240.49   7.54   9.49  28.22 
974.99  -0.13  275.01  -1.02  93.70   6.05   5.67   0.38   3.62   5.81  1241.28   7.45  10.64  29.14 
975.87   0.04  275.12  -0.94  93.10   6.13   5.70   0.42   3.64   5.84  1241.60   7.23   9.89  25.67 
976.59   0.13  275.15  -0.99  92.10   6.17   5.68   0.49   3.63   5.82  1242.11   5.62   8.29  24.85 
977.01   0.06  275.05  -1.10  91.80   6.14   5.63   0.50   3.59   5.77  1242.97   4.26   6.33  25.82 
977.70   0.44  275.37  -1.15  89.00   6.31   5.61   0.69   3.58   5.74  1242.16   0.92   1.54  235.80 
978.55   0.28  275.14  -1.29  89.10   6.23   5.56   0.68   3.54   5.68  1243.98   1.36   3.34  212.00 
979.77   0.52  275.28  -2.35  81.00   6.34   5.14   1.20   3.27   5.24  1244.68   0.95   2.36  158.50 
980.39   0.27  274.98  -1.83  85.70   6.23   5.34   0.89   3.39   5.45  1246.48   0.60   1.00  143.90 
980.90   0.20  274.88  -1.07  91.10   6.20   5.65   0.55   3.59   5.76  1247.29   1.01   1.76  192.20 
981.49   0.48  275.11  -0.35  94.10   6.33   5.95   0.37   3.78   6.06  1246.62   0.94   1.44  178.40 
981.88   1.24  275.84   0.09  92.00   6.68   6.15   0.53   3.90   6.26  1243.58   1.82   3.36  178.30 
991.21  -3.12  270.72  -3.42  97.80   4.85   4.74   0.11   2.98   4.78  1276.39   0.87   1.60  203.20 
991.34  -3.55  270.28  -3.86  97.70   4.70   4.59   0.11   2.88   4.63  1278.67   1.53   2.44  205.70 
991.33  -3.81  270.02  -4.14  97.50   4.61   4.49   0.12   2.82   4.53  1279.92   1.43   2.36  213.10 
991.09  -4.02  269.83  -4.38  97.30   4.53   4.41   0.12   2.77   4.45  1280.65   1.69   2.32  217.50 
991.07  -4.42  269.43  -4.82  97.00   4.40   4.27   0.13   2.68   4.30  1282.61   1.62   2.60  215.00 
990.92  -4.80  269.06  -5.23  96.80   4.27   4.14   0.14   2.60   4.17  1284.29   1.70   2.76  179.90 
990.65  -5.06  268.82  -5.54  96.40   4.19   4.04   0.15   2.54   4.08  1285.24   1.21   2.10  220.50 
990.70  -5.44  268.44  -5.96  96.10   4.07   3.91   0.16   2.46   3.95  1287.18   1.56   2.44  201.80 
990.92  -5.74  268.12  -6.31  95.70   3.98   3.81   0.17   2.39   3.84  1288.97   1.08   1.68  218.90 
990.67  -4.06  269.82  -4.66  95.60   4.52   4.32   0.20   2.72   4.36  1280.36   1.44   2.86  169.90 
990.32  -2.91  271.00  -3.42  96.20   4.93   4.74   0.19   2.98   4.79  1274.23   2.05   2.88  150.90 
989.87  -1.32  272.63  -1.80  96.50   5.54   5.35   0.19   3.37   5.40  1265.92   1.36   2.56  174.90 
989.20   1.18  275.19   0.06  92.20   6.65   6.13   0.52   3.87   6.20  1253.17   1.57   2.48  143.40 
988.16   4.07  278.17  -0.52  71.90   8.18   5.88   2.30   3.71   5.95  1238.92   2.13   3.60  206.00 
987.43   3.64  277.81  -1.93  66.77   7.94   5.30   2.64   3.34   5.37  1240.17   4.47   6.01  207.20 
986.86   4.36  278.58  -1.81  64.07   8.35   5.35   3.00   3.38   5.42  1236.21   3.88   6.13  211.60 
986.27   3.05  277.30  -2.29  67.82   7.61   5.16   2.45   3.26   5.23  1241.46   2.31   2.92  201.30 
985.79   1.43  275.71  -2.18  76.80   6.77   5.20   1.57   3.29   5.28  1248.15   2.43   3.38  205.00 
985.49   0.64  274.95  -1.93  82.80   6.40   5.30   1.10   3.35   5.38  1251.31   2.11   3.22  207.30 
985.18   1.15  275.48  -2.00  79.40   6.64   5.27   1.37   3.34   5.35  1248.60   1.67   2.48  165.50 
984.62   1.60  275.98  -2.81  72.40   6.86   4.96   1.89   3.14   5.04  1246.00   2.61   4.17  199.90 
984.27   1.40  275.80  -2.42  75.60   6.76   5.11   1.65   3.24   5.19  1246.40   3.08   4.05  177.40 
983.85   1.81  276.25  -2.08  75.30   6.96   5.24   1.72   3.32   5.33  1243.94   2.03   3.18  192.80 
983.03   1.75  276.25  -1.89  76.70   6.93   5.32   1.61   3.37   5.41  1243.15   2.04   3.16  188.60 
982.61   1.04  275.58  -1.86  80.90   6.59   5.33   1.26   3.38   5.42  1245.83   2.84   3.77  170.90 
981.79   0.70  275.30  -1.60  84.50   6.42   5.43   1.00   3.45   5.53  1246.28   2.14   3.32  179.60 
981.12   1.36  276.02  -1.16  83.20   6.74   5.61   1.13   3.56   5.72  1242.33   1.62   3.12  188.40 
980.34   1.79  276.52  -0.81  82.80   6.95   5.76   1.20   3.66   5.87  1239.33   1.74   3.16  176.60 