25.5  -30.3 
44.0  -21.6 
25.5  14.4 
21.5  18.5 
25.5  -14.5 
28.0  -69.4 
29.5  -33.4 
39.5  -45.7 
29.0  -33.9 
38.0  -54.7 
26.0  -43.8 
38.0  -16.2 
24.0   0.1 
38.0  -91.3 
32.0  -49.7 
32.5  -66.6 
15.0  130.2 
24.5  21.4 
41.0  -42.8 
47.0  57.6 
29.5  -37.7 
41.0  -56.2 
45.5  44.6 
45.0  12.9 
16.5  115.2 
21.5  -3.8 
27.5  -16.3 
41.5  -19.2 
23.0  -11.0 
31.5  -36.8 
40.5  -27.1 
32.5  -45.1 
37.0  -39.7 
27.5  -47.6 
38.5  -74.0 
38.0  -64.7 
26.5  -55.5 
44.5  -12.6 
35.5  -39.1 
25.5  -16.1 
